S101
1
000000000
070090000
605003084
004000052
050300700
000001400
037008005
000004000
409720003
941582376
873496521
625173984
394867152
152349768
786251439
237918645
518634297
469725813
S102
1
760000089
090760001
018400500
000070204
071294000
004310008
000043700
900601053
506000100
763152489
495768321
218439567
359876214
871294635
624315978
182543796
947621853
536987142
S103
1
700000053
600020400
004061000
000234001
098007000
000500367
060050092
103800500
980472100
712948653
639725418
854361729
576234981
398617245
241589367
467153892
123896574
985472136
S104
1
957010000
000000173
000687920
000305260
002090500
015008000
060700039
500060700
170900004
957213486
826549173
341687925
489375261
732196548
615428397
264751839
593864712
178932654
S201
2
006079800
000100000
002640000
000000008
004007290
050860300
109000470
040000009
500000010
316279854
495138726
782645931
237954168
864317295
951862347
129586473
643721589
578493612
S202
2
005007000
000000902
701209600
950080300
020036000
007005010
000600059
530090000
000150260
295367184
643518972
781249635
954781326
128436597
367925418
412673859
536892741
879154263
S203
2
002080000
010003490
009070005
640000300
000004809
005027004
090000010
000892000
007140020
472589631
518263497
369471285
641958372
723614859
985327164
294736518
156892743
837145926
S204
2
000650000
700040952
305100004
003000045
207000090
400526070
070008500
004000720
090005060
948652137
716843952
325197684
163789245
257314896
489526371
672438519
534961728
891275463
S301
3
006300705
000000020
172000000
000470090
004100500
037500004
000006030
000000008
003795600
946321785
385647129
172958463
518472396
694183572
237569814
459816237
761234958
823795641
S302
3
010020000
000008300
000450016
100003000
000000072
009000040
670500030
042000600
000907000
517326498
496178325
283459716
124783569
835694172
769215843
678542931
942831657
351967284
S303
3
000706000
080400003
030000109
008570000
015390070
003802000
000000090
407000005
000000820
194736582
582419763
736258149
248571936
615394278
973862451
851627394
427983615
369145827
S304
3
300002040
580000000
074005020
000010805
000700000
091000300
653000004
000040007
000980000
369872541
582461739
174395628
736214895
825739416
491658372
653127984
918543267
247986153